epoch,loss,sparse_categorical_accuracy,val_loss,val_sparse_categorical_accuracy
0,0.698021650314331,0.7975179553031921,0.0514858178794384,1.0
1,0.03198820352554321,1.0,0.004724254831671715,1.0
2,0.0069099306128919125,1.0,0.0010016226442530751,1.0
3,0.0026584065053611994,1.0,0.00042713485890999436,1.0
4,0.0020400574430823326,1.0,0.00024362780095543712,1.0
5,0.0015984688652679324,1.0,0.00011728632671292871,1.0
6,0.0007797566941007972,1.0,7.874202856328338e-05,1.0
7,0.0005221994360908866,1.0,5.449783202493563e-05,1.0
8,0.0004192466149106622,1.0,3.7847425119252875e-05,1.0
9,0.00030106049962341785,1.0,2.890341420425102e-05,1.0
